186,136,129,132,109,125,166,74,181,266,178,182,57,49,196,282,293,189,63,261,182,142,158,240,72,163,300,135,214,198,115,200,88,235,57,238,225,5,110,77,125,258,37,234,257,230,239,52,11,152,5,63,37,209,127,64,45,230,274,228,231,40,99,209,158,7,262,84,18,232,5,174,183,237,191,295,91,79,278,180,210,198,236,37,83,182,66,219,147,165,109,28,82,274,90,118,99,76,187,277,262,243,208,93,140,205,253,11,42,109,77,292,38,271,280,53,286,256,150,274,289,111,211,250,169,117,251,136,227,18,215,92,178,222,178,133,74,31,259,80,105,184,124,130,104,267,160,162,184,75,243,141,125,234,126,223,139,71,66,67,180,8,145,139,6,239,240,95,169,47,96,33,238,242,160,198,139,285,121,108,96,192,205,151,211,80,199,257,184,67,239,62,259,48,298,105,246,164,80,151,168,117,126,70,136,137,124,189,24,215,95,91,105,98,49,289,172,187,214,102,148,94,223,194,99,8,62,23,242,45,128,56,64,245,283,59,299,197,117,275,83,19,14,275,97,50,90,87,140,281,114,104,114,203,81,119,141,62,208,135,278,49,124,215,40,2,272,284,223,1,209,148,31,298,1,225,215,91,89,12,58,107,184,297,60,119,266,24,48,184,254,7,7,176,202,172,189,110,249,26,236,101,102,39,236,241,90,291,279,50,104,129,198,237,225,208,21,213,236,26,141,275,186,145,151,139,256,218,254,176,37,107,253,233,120,124,247,82,91,35,120,270,133,94,9,39,182,194,249,229,53,185,251,227,185,23,295,149,73,118,60,191,233,157,184,187,237,137,24,270,101,188,180,251,143,126,15,57,174,133,20,28,96,168,300,36,223,296,184,86,269,296,162,132,261,19,96,160,19,216,226,101,207,150,22,110,23,70,91,187,28,258,266,45,262,252,156,30,239,180,64,71,101,59,237,120,133,77,37,234,17,78,234,115,35,293,58,210,204,173,206,285,43,246,239,241,297,52,112,125,250,136,240,264,8,116,1,141,293,96,271,216,47,10,103,207,191,138,240,39,294,165,79,142,180,180,87,235,295,54,279,57,249,138,269,163,254,130,45,116,104,298,19,255,222,289,202,107,200,19,264,6,157,87,159,280,43,144,138,83,92,60,278,297,269,24,21,202,36,283,221,137,255,25,251,290,201,219,242,106,86,218,42,54,138,190,161,201,151,122,92,274,62,142,269,179,149,65,278,73,40,268,290,56,138,295,244,258,156,11,192,111,188,294,186,284,80,80,138,295,17,234,130,79,279,129,135,65,59,161,242,299,24,272,112,228,73,222,206,137,112,114,23,167,39,239,48,75,47,210,297,220,90,237,98,123,214,169,25,81,81,136,247,60,296,169,2,263,256,185,181,50,83,184,48,131,272,257,192,156,139,252,103,237,164,233,121,253,52,290,22,173,45,74,12,181,2,92,241,96,218,172,241,155,251,277,298,201,24,92,22,290,261,101,287,50,227,36,59,221,199,187,234,162,215,271,56,97,240,100,80,142,244,124,19,92,236,264,118,242,138,233,106,105,16,149,230,71,133,65,72,192,205,265,171,240,61,28,117,81,209,194,64,87,206,279,9,169,192,21,20,90,160,223,56,238,236,102,208,136,84,244,169,133,178,295,70,175,237,8,206,80,42,74,104,149,67,295,64,159,229,138,163,189,72,297,25,120,62,122,156,37,109,45,8,93,56,22,274,219,16,231,134,134,226,128,297,89,277,19,165,182,78,65,163,31,24,25,51,128,165,202,54,157,244,233,38,219,293,162,52,4,142,145,27,96,201,287,62,247,2,107,34,84,48,170,257,224,256,271,207,281,233,165,127,246,168,2,96,48,176,119,35,261,23,70,196,129,203,152,284,295,159,175,20,232,66,75,77,107,34,217,5,199,19,56,55,102,131,102,28,102,221,60,220,16,142,118,9,266,232,74,138,153,112,235,24,135,28,125,34,186,188,12,282,59,185,251,269,127,279,80,288,104,293,62,258,55,73,2,165,78,209,274,205,105,272,163,208,75,66,63,81,39,91,169,80,156,293,257,138,51,53,92,46,75,263,52,163,76,142,204,78,129,173,16,256,223,93,52,130,131,125,155,153,271,47,191,161,127,183,136,5,179,149,242,224,238,39,135,235,161,265,50,291,284,45,99,120,58,277,41,220,260,263,110,103,95,44,102,215,115,121,265,263,159,66,34,152,82,218,203,127,19,272,71,160,122,52,272
293,216,149,198,84,209,219,148,270,173,286,2,255,44,65,227,211,107,133,249,144,237,131,187,3,270,297,31,193,96,210,23,46,171,192,11,297,139,186,132,43,10,184,135,262,55,106,20,26,123,42,246,291,202,250,44,14,238,129,11,122,33,211,215,55,9,296,80,262,297,106,227,85,138,227,213,234,283,228,264,103,99,125,28,224,98,95,78,252,79,112,173,147,209,187,17,125,244,23,41,81,72,90,81,229,25,259,165,81,45,248,33,159,83,198,45,13,164,239,253,114,233,98,111,12,197,255,33,168,33,266,271,285,166,30,133,278,235,283,6,54,236,169,157,9,74,180,36,9,229,21,40,264,60,219,264,105,72,150,154,35,212,205,69,97,150,63,292,169,175,237,95,252,169,7,72,54,118,293,182,83,240,221,151,137,179,58,19,287,91,97,289,167,169,240,234,3,129,199,197,41,23,223,46,141,178,147,192,194,149,274,201,269,181,115,8,2,16,220,95,192,77,110,50,179,240,10,24,270,241,281,297,123,5,82,271,40,274,56,251,299,25,34,27,134,97,164,205,110,194,77,133,161,43,27,156,68,153,116,195,130,66,294,300,135,251,61,108,256,94,142,197,256,8,168,54,18,219,23,250,206,176,248,90,2,195,144,124,161,140,10,217,75,275,40,210,136,43,210,198,223,24,209,108,223,31,255,164,289,263,36,101,233,223,207,243,271,104,247,98,35,144,136,291,245,140,150,122,294,106,7,102,192,160,50,125,169,234,80,108,31,278,112,224,124,223,24,126,281,131,30,21,65,291,5,138,195,118,80,205,74,228,281,203,103,77,260,239,253,57,231,271,92,256,254,63,262,152,88,93,146,87,148,70,168,215,158,173,251,108,2,10,116,30,80,245,215,3,67,40,203,268,276,103,152,264,14,27,76,18,163,219,191,193,45,293,199,194,19,260,36,38,293,282,195,209,28,220,246,155,235,57,184,151,194,77,267,218,72,64,138,209,224,57,297,111,130,189,7,90,172,219,102,65,44,77,280,144,232,248,291,108,149,174,252,162,270,114,281,30,89,286,106,149,68,41,162,160,22,239,100,48,153,182,113,148,136,122,158,162,281,281,22,247,104,130,218,120,224,273,62,269,208,164,79,242,67,64,208,61,5,254,141,204,245,121,46,12,283,82,22,103,235,64,203,194,233,294,127,199,92,74,150,211,297,231,231,231,201,123,141,241,276,263,146,146,97,85,239,100,295,169,159,194,14,76,66,16,250,129,106,1,278,41,85,27,269,43,255,54,214,5,159,113,181,86,280,30,49,77,213,241,235,103,22,277,30,113,295,107,65,29,296,191,213,206,147,261,223,107,258,133,105,90,164,12,282,255,103,164,221,17,132,298,280,71,278,298,202,167,238,111,217,239,260,166,218,42,228,29,131,220,244,6,260,186,186,262,255,281,42,44,57,89,288,123,57,41,156,82,87,286,271,64,295,14,11,268,273,215,56,72,129,69,262,3,200,49,235,292,82,109,245,189,152,269,285,269,274,175,275,86,233,126,230,159,106,36,165,50,62,219,268,122,206,252,32,181,24,108,229,233,213,218,158,93,223,137,184,71,203,123,108,104,187,104,59,268,90,294,85,84,152,53,214,286,261,78,285,12,27,97,211,70,135,21,182,86,142,178,103,209,285,53,79,53,199,74,127,201,235,163,75,2,185,205,75,220,294,138,50,4,140,290,220,226,249,142,276,185,253,206,275,96,247,187,299,241,103,202,144,189,242,288,20,255,163,131,268,137,170,70,278,157,80,230,218,93,150,105,13,87,75,187,181,276,233,175,148,43,128,187,103,153,121,137,104,237,138,68,291,108,16,91,38,231,191,177,56,100,286,49,140,170,281,80,155,251,211,189,271,197,102,5,244,295,259,226,78,235,144,10,169,189,44,260,277,293,209,179,261,74,157,202,58,199,199,121,230,244,278,95,132,298,300,169,56,174,13,2,230,296,39,71,51,133,250,215,20,249,273,140,107,247,279,286,278,110,249,94,35,160,153,39,138,165,152,93,125,255,157,125,277,62,41,246,143,99,55,213,226,245,188,193,153,4,117,219,262,62,23,172,232,293,68,161,18,184,160,83,220,50,290,57,123,183,211,59,143,84,42,97,84,143,118,213,67,157,262,266,294,141,4,158,235,287,132,258,107,237,105,193,210,209,12,260,83,280,204,186,261,191,167,157,222,121,95,199,165,237,179,70,83,230,213,143,74,284,208,26
206,269,150,289,285,134,32,43,226,205,143,135,207,245,55,218,87,60,231,153,143,204,63,244,189,20,62,25,115,39,112,109,42,157,81,278,51,77,36,221,139,98,111,7,247,129,156,175,15,48,93,163,121,171,198,188,231,253,67,119,97,209,272,70,240,135,100,209,278,156,39,231,151,75,1,277,19,263,160,61,207,210,26,119,171,41,32,209,129,43,283,49,219,60,5,174,263,212,112,36,176,66,202,197,277,36,237,236,54,172,247,4,283,211,42,270,121,114,265,136,28,36,287,132,295,8,154,153,100,111,241,141,115,248,23,198,86,85,275,234,11,175,19,259,22,102,97,149,35,67,238,25,136,38,299,78,300,67,255,46,186,210,63,78,185,260,297,111,125,273,142,250,256,180,2,147,153,70,258,71,17,291,26,99,264,146,227,1,141,40,105,158,62,224,265,89,248,210,4,184,119,174,267,225,280,296,287,268,291,71,135,60,155,243,118,255,81,148,271,276,280,156,51,200,251,157,152,257,266,81,168,32,240,202,78,33,211,186,235,49,240,204,150,220,13,178,216,77,250,148,242,27,12,165,249,5,262,160,260,62,294,221,26,236,23,31,291,56,40,219,229,139,106,87,4,111,140,184,190,32,251,198,41,198,101,171,183,53,283,30,37,177,223,27,297,88,240,55,149,296,61,226,233,130,210,26,248,161,214,190,96,233,182,81,60,209,87,157,6,240,41,280,254,128,115,190,86,207,96,43,10,291,297,236,195,225,199,254,4,215,192,292,140,300,277,11,267,245,269,131,237,209,236,156,69,45,165,194,87,294,223,43,88,216,272,292,80,237,94,47,214,144,134,88,232,124,176,222,205,72,297,246,232,261,173,55,220,134,65,68,258,260,176,219,300,252,134,158,211,22,214,210,215,192,85,88,107,162,8,192,144,104,266,129,124,287,52,257,95,265,203,239,299,47,260,51,193,273,67,275,16,59,261,253,102,211,147,240,149,29,260,143,46,136,160,56,211,28,84,270,144,282,194,144,164,1,106,11,205,252,55,214,279,253,143,76,25,41,141,63,287,43,173,272,159,172,27,280,292,56,58,238,245,3,116,38,55,122,186,46,86,58,34,160,37,192,13,101,98,162,164,57,36,293,226,84,149,233,139,240,24,230,265,73,108,129,72,126,119,199,226,58,249,238,148,292,45,275,279,251,166,127,46,79,52,74,188,269,10,93,76,145,293,228,254,26,215,261,38,115,24,204,243,262,214,156,193,234,19,39,44,234,289,14,137,76,212,236,7,4,288,57,103,126,113,55,212,3,126,245,218,157,215,1,208,49,144,280,105,59,20,255,216,133,7,125,95,101,126,68,278,48,161,82,226,160,15,270,200,218,59,67,176,273,35,201,166,164,89,62,64,102,147,297,48,186,287,31,234,124,128,122,94,167,233,247,78,26,232,287,161,173,64,126,152,182,212,129,228,80,231,155,107,92,76,294,184,175,10,284,272,280,174,181,166,124,194,152,143,72,70,18,264,154,10,19,134,149,82,244,120,171,219,241,224,284,115,77,103,217,132,264,119,223,194,38,238,123,38,261,113,219,228,209,49,170,293,280,98,224,126,111,122,138,220,202,168,162,93,68,170,148,65,196,138,45,262,224,171,231,198,215,225,210,98,26,134,289,205,254,13,234,27,42,55,153,208,129,43,191,233,180,112,64,221,254,232,74,257,44,61,217,94,236,21,125,117,109,286,155,281,218,253,189,257,217,186,88,253,230,2,139,231,41,225,65,255,180,271,71,116,234,27,50,234,266,174,81,296,296,47,188,62,175,87,233,73,243,64,50,172,249,167,256,148,122,55,239,204,297,162,104,210,129,106,92,245,192,157,270,3,121,233,92,80,261,223,262,154,145,209,189,169,55,183,156,294,228,279,18,264,181,288,243,207,167,293,20,52,234,220,170,182,144,177,27,95,128,258,221,40,70,228,276,72,106,127,279,124,198,56,254,283,28,243,211,31,129,289,82,75,208,88,232,262,251,51,236,135,264,118,138,56,147,238,150,88,28,193,184,283,125,200,178,140,231,162,53,86,94,6,126,138,274,210,73,254,124,286,105,211,166,284,80,60,156,74,192,38,72,147,87,297,33,115,240,72,104,109,31,137,160,74,228,193,212,8,123,295,91,207,116,100,140,57,191,294,92,244,163,158,98,59,277,89,61,186,6,203,265,160,129,295,128,264,236,299,143,300,54,79,206,133,231,146,200,63,215,90,52
218,145,236,54,239,161,171,166,196,105,85,113,59,22,233,113,190,209,281,22,216,176,32,82,37,212,225,157,143,81,254,108,65,195,111,212,165,267,263,140,70,82,94,164,190,18,126,128,100,169,231,177,82,164,21,226,158,100,44,83,298,37,272,195,188,165,217,101,215,108,46,127,136,39,173,286,85,53,238,213,291,70,181,164,61,243,67,80,37,107,293,94,246,98,47,18,192,43,180,116,175,39,39,218,265,289,107,43,60,284,97,259,255,6,242,83,192,267,124,45,261,213,166,43,45,40,275,285,292,221,105,300,275,261,102,193,297,64,220,280,75,207,227,35,99,239,203,242,153,252,34,117,155,242,71,268,289,296,53,267,233,207,135,7,22,45,124,234,102,11,160,171,210,169,157,181,56,226,36,294,167,92,241,219,110,82,38,183,104,261,132,121,74,52,232,216,140,196,140,299,65,144,66,266,97,142,118,36,277,223,29,174,77,142,263,84,95,45,297,199,169,207,20,135,37,202,30,280,192,257,258,52,104,2,112,236,88,15,275,213,78,106,162,241,121,279,2,131,1,106,142,144,191,139,194,168,86,247,282,297,256,140,195,63,31,152,284,281,243,235,238,160,105,151,162,93,222,133,189,6,237,199,142,18,116,8,229,169,166,173,104,97,247,206,61,62,37,52,42,129,154,294,65,116,91,122,70,226,232,300,76,42,287,22,140,185,15,239,9,114,297,102,119,102,169,62,103,218,91,44,164,45,281,57,144,226,283,203,298,258,235,147,272,66,226,116,111,70,283,155,258,290,6,279,56,254,90,160,182,106,124,281,8,43,41,219,161,273,102,117,42,114,98,138,204,48,258,250,234,267,262,97,45,250,69,60,99,176,33,169,135,67,73,120,276,193,28,133,254,71,75,214,253,123,211,194,92,53,105,266,150,278,95,67,41,50,15,125,228,189,96,141,267,52,213,291,142,138,223,86,254,246,124,96,73,4,241,290,289,48,256,153,219,98,98,208,38,117,100,166,171,7,74,59,49,195,57,203,26,58,115,111,101,110,289,237,48,233,32,118,38,150,85,171,12,131,291,53,97,200,51,135,147,7,123,19,278,142,117,116,230,201,110,11,156,284,235,159,71,218,88,151,99,31,24,84,63,5,86,105,200,202,277,19,218,166,279,197,237,89,268,141,136,235,202,238,38,248,37,19,225,211,33,176,228,63,100,223,138,25,158,157,205,285,297,192,82,271,254,14,250,293,254,12,97,93,189,205,107,258,92,61,212,56,207,58,142,125,238,106,42,157,161,23,84,163,32,105,223,198,61,154,153,230,288,104,141,85,156,299,64,81,112,249,210,226,247,80,176,241,57,4,207,119,66,14,27,228,217,97,115,259,234,60,63,124,214,36,144,89,188,32,107,142,148,291,124,280,251,47,186,249,150,156,292,46,269,239,120,201,237,69,204,86,146,284,246,138,59,106,181,124,47,129,54,56,248,243,81,70,20,118,232,171,260,59,175,254,202,173,246,110,211,234,75,120,37,182,45,125,131,96,217,290,251,158,9,113,41,240,7,64,134,9,63,188,128,258,170,47,270,277,206,159,120,178,40,67,107,4,105,37,23,91,24,156,103,165,110,26,291,68,32,30,121,125,134,19,186,259,266,142,35,274,15,171,79,298,287,5,185,191,212,5,15,163,278,96,18,185,15,170,297,109,201,116,194,297,218,81,180,51,78,221,294,168,165,167,93,118,132,69,169,149,169,226,110,120,195,132,214,243,19,271,176,273,258,107,279,117,209,166,93,298,32,190,135,244,268,214,18,193,266,255,88,273,188,55,101,150,34,34,134,17,155,210,291,10,227,213,233,178,221,9,75,32,250,300,282,177,217,69,45,81,258,247,226,120,237,273,291,129,156,260,189,22,30,18,215,13,227,56,76,196,109,111,202,173,165,135,3,104,106,192,106,33,300,6,28,269,29,256,261,49,133,265,197,139,200,8,215,38,172,79,25,37,110,8,128,201,153,19,267,240,158,294,138,245,59,106,164,12,171,208,194,98,269,242,217,247,177,260,120,218,115,282,298,152,142,135,2,107,285,184,276,293,222,268,269,100,177,1,236,290,216,112,27,75,227,289,241,139,213,82,121,154,271,57,165,46,223,245,258,237,199,263,19,60,4,250,26,211,172,6,262,142,22,185,284,130,108,203,197,18,189,37,195,193,43,205,60,201,117,133,196,13,225,22,73,140,107,300,250,191,133,165,244,117,55,198
171,33,144,261,120,64,8,241,170,78,10,16,257,141,110,93,95,216,64,139,124,82,299,129,84,286,27,14,84,2,103,160,55,53,39,10,132,158,151,276,197,149,133,268,38,156,260,243,24,287,195,181,270,217,13,257,285,145,252,45,140,46,292,11,258,143,21,42,256,180,249,124,188,101,224,80,141,69,94,31,162,64,88,296,1,209,287,26,240,88,274,171,198,8,52,126,84,265,153,217,240,116,258,110,244,296,71,156,52,137,241,214,246,36,45,20,135,95,228,186,262,159,246,267,248,4,238,238,6,124,44,127,196,240,294,281,201,300,185,228,53,234,160,8,7,247,111,109,238,94,185,213,290,42,244,284,261,83,62,63,244,56,126,17,108,112,221,82,210,90,144,105,239,232,251,9,286,217,202,124,72,7,212,109,21,96,232,240,200,80,61,92,153,149,71,117,40,26,224,225,7,23,26,241,229,133,182,204,206,90,293,236,203,185,88,32,50,219,249,18,299,71,238,298,242,42,134,65,36,157,102,193,102,149,23,298,205,212,161,90,244,173,50,249,77,236,57,254,178,70,124,147,97,205,89,149,102,153,288,188,81,86,112,151,292,237,97,75,186,118,201,74,132,260,139,79,252,49,215,5,292,60,73,1,18,114,246,136,194,213,26,186,165,31,280,34,227,71,222,256,224,177,277,250,4,153,209,158,10,60,35,187,57,82,252,270,1,220,222,208,161,209,5,271,41,56,120,204,279,130,271,241,155,49,22,139,171,6,132,154,210,135,88,88,281,185,153,196,216,125,240,285,100,222,268,248,293,280,168,155,59,192,120,62,210,5,14,28,79,177,123,136,80,300,83,106,139,187,15,49,78,177,157,158,50,169,197,111,145,23,98,171,8,288,221,92,83,241,103,95,65,3,179,86,3,75,210,18,176,189,179,40,263,39,187,68,44,228,45,130,138,106,248,22,113,17,30,21,297,206,237,205,44,172,124,198,285,7,187,63,167,43,81,98,67,71,132,203,189,252,112,160,38,16,153,85,267,117,198,83,296,47,202,85,268,29,290,207,69,72,54,187,48,137,209,29,94,70,171,30,278,249,26,269,18,97,77,255,194,146,194,53,288,300,52,56,250,219,149,129,127,19,141,175,168,7,166,278,276,127,29,218,214,227,47,113,171,250,225,186,153,53,42,235,277,218,270,230,50,233,132,16,11,23,126,107,155,20,105,34,1,235,44,107,18,134,294,65,91,51,188,283,196,294,41,189,147,256,276,119,99,66,256,277,221,80,144,262,44,18,102,36,57,13,82,144,142,265,276,87,248,286,82,146,20,157,229,172,198,215,131,286,126,286,277,258,133,87,183,73,284,239,149,220,264,233,7,174,289,246,229,37,64,162,212,34,81,238,256,186,190,94,158,11,58,188,147,253,43,132,92,299,254,5,10,210,162,136,209,157,115,143,5,21,45,208,216,4,214,41,299,1,168,146,101,288,252,26,6,57,27,181,66,94,99,182,224,122,19,249,82,132,297,198,123,213,209,82,268,11,199,110,250,300,146,82,13,283,175,138,41,258,113,37,253,79,134,251,16,241,131,137,153,204,39,89,20,277,274,203,228,128,201,249,248,179,157,206,44,181,264,21,57,172,21,125,185,281,112,173,94,157,55,47,15,80,116,221,180,219,238,184,10,135,88,265,58,214,265,227,120,5,71,28,18,111,59,163,27,22,65,230,162,252,197,71,174,41,153,187,123,24,123,160,120,72,127,52,268,74,210,32,13,152,247,209,64,104,295,106,294,255,208,187,267,265,106,10,80,239,209,13,260,173,204,192,81,22,171,204,194,149,157,101,41,254,64,149,186,142,285,75,154,175,105,83,110,232,87,112,29,146,241,16,249,17,56,231,282,246,267,259,8,145,92,271,26,74,11,76,185,128,13,105,292,63,177,20,99,237,134,207,103,181,100,199,256,159,45,113,190,151,36,271,65,69,136,246,284,17,52,285,81,300,56,241,191,3,188,145,158,245,244,65,236,177,83,72,278,190,222,251,257,14,57,129,103,189,178,260,197,119,134,166,206,273,100,286,59,103,285,177,75,298,90,2,195,33,33,242,206,259,15,208,299,235,107,293,52,1,276,132,47,151,261,6,16,224,238,52,97,54,128,90,221,190,118,101,168,158,183,280,30,75,127,129,233,145,85,267,204,141,28,19,21,74,46,196,54,27,159,88,111,73,166,218,45,4,66,202,196,44,104,128,252,231,296,193,13,197
188,207,101,229,276,279,267,23,45,158,105,220,117,113,235,123,47,79,235,128,156,286,158,279,49,152,201,13,277,184,198,115,280,156,129,194,2,60,138,176,17,82,13,202,17,256,241,117,222,71,175,94,146,84,30,150,297,262,169,75,210,75,297,219,175,20,129,187,96,4,77,83,207,273,98,5,104,216,191,147,152,87,105,122,114,288,61,185,245,112,83,200,15,173,260,200,28,70,173,276,8,246,92,116,162,176,75,53,20,97,203,100,92,251,216,17,14,275,38,170,197,219,109,192,56,43,294,246,265,117,189,73,96,155,179,281,287,241,261,218,83,172,92,249,83,219,29,90,184,44,277,111,52,227,177,28,41,92,19,299,247,94,76,198,238,129,123,39,241,277,28,220,111,185,178,230,120,155,276,60,246,256,294,245,295,116,52,162,90,16,59,61,197,146,300,223,45,136,243,273,101,295,96,240,94,14,190,246,228,18,132,117,67,38,46,55,33,170,230,140,235,28,15,144,127,211,23,5,92,295,95,117,150,293,225,24,134,193,239,2,214,294,155,4,86,259,64,162,26,141,266,44,196,24,166,110,82,190,37,142,45,270,288,160,149,14,50,66,197,130,77,26,83,54,159,34,129,86,300,70,79,120,29,16,185,150,25,61,22,187,172,88,251,105,212,234,298,266,4,189,46,176,281,57,171,177,157,165,115,91,162,22,260,101,295,263,134,112,254,157,22,94,290,262,50,45,2,158,136,216,199,61,248,163,86,284,293,256,281,203,212,235,75,23,148,146,20,90,200,266,31,148,167,91,181,80,262,282,83,181,171,117,231,107,101,284,216,191,117,212,238,26,96,77,18,173,100,269,40,95,145,159,104,180,168,249,178,43,270,263,69,274,152,46,195,205,268,122,119,161,296,27,70,276,194,90,87,111,83,240,210,64,2,103,3,109,154,102,276,229,84,28,147,170,275,249,41,177,229,1,288,135,22,154,3,124,124,241,55,118,150,216,15,127,159,111,30,296,204,1,226,104,227,86,201,53,171,3,15,270,247,134,238,68,38,297,174,154,137,278,77,94,125,213,75,254,169,38,36,9,207,105,31,271,163,72,27,150,36,252,258,16,196,104,73,106,41,300,74,231,153,78,101,222,54,279,66,12,190,156,21,148,95,3,212,6,264,30,238,71,99,36,133,51,55,244,110,51,178,67,69,165,280,152,3,35,204,66,136,269,7,38,98,236,150,224,225,29,146,73,269,193,116,199,266,7,216,269,235,247,17,149,53,174,102,16,84,88,269,62,192,266,265,203,298,190,79,258,213,152,93,196,209,55,258,257,207,256,255,252,226,219,140,196,263,101,239,175,267,159,93,58,183,1,202,188,9,230,104,238,46,211,21,40,28,287,34,173,101,235,272,140,99,207,100,282,283,206,223,205,156,194,37,88,141,80,236,224,48,99,201,88,286,295,18,56,104,206,151,109,156,267,87,169,124,163,196,53,264,277,95,153,184,121,53,199,81,206,137,96,261,162,215,100,266,291,69,261,80,247,106,223,239,268,12,136,23,10,65,235,76,226,177,255,130,89,240,26,9,263,139,251,238,98,286,53,182,270,60,186,117,51,18,201,283,202,119,236,75,145,186,281,73,186,114,148,170,34,18,190,127,227,156,37,11,48,293,165,81,115,176,195,130,194,148,81,172,261,248,233,105,3,17,159,48,143,26,7,116,108,85,60,8,262,190,99,38,36,229,59,149,167,217,273,135,231,96,108,86,253,51,208,136,129,226,290,8,83,101,76,53,214,230,298,16,16,160,148,133,106,209,190,204,23,59,31,256,223,193,190,277,267,220,141,276,55,70,75,23,17,236,140,244,1,91,189,42,134,57,193,259,81,254,228,274,244,243,205,258,174,75,227,140,33,31,202,161,125,152,281,239,221,261,58,77,84,24,125,84,111,291,89,285,130,59,91,21,276,99,300,136,263,151,195,45,117,277,66,132,134,41,299,45,295,89,115,273,261,96,238,148,51,181,108,190,24,285,244,172,25,248,80,170,223,93,198,238,170,148,146,75,219,65,17,81,4,17,82,187,97,4,191,295,186,62,15,242,80,287,107,278,146,299,12,116,78,68,40,47,148,253,12,5,267,51,178,155,230,119,119,127,127,271,166,48,32,84,173,221,258,170,156,36,235,54,4,275,171,220,292,146,240,68,200,23,199,80,80,298,199,45,179,213,109,58,94,157,265,66,159,176,289,221,95,254,180,87,92,66,95
10,144,33,164,86,72,15,203,87,185,231,234,245,217,194,100,257,202,268,34,4,292,201,106,129,284,103,30,156,125,241,270,26,2,281,238,197,43,4,222,160,202,282,67,121,70,173,131,195,8,142,42,218,84,123,17,225,115,164,155,47,43,129,179,291,20,114,192,271,146,274,53,81,136,39,286,279,33,130,111,240,194,207,156,80,12,243,113,58,204,98,193,10,12,77,43,94,60,232,176,2,215,242,48,295,109,73,47,181,11,146,228,89,121,18,206,2,139,239,184,204,186,70,119,159,55,285,241,282,267,290,57,135,266,154,14,300,206,94,3,237,71,183,165,122,205,237,100,216,226,242,55,298,227,299,205,180,265,181,155,52,53,206,192,287,174,265,288,244,127,220,264,145,209,31,139,242,70,250,160,178,236,236,1,140,269,104,71,143,44,186,183,115,282,14,23,288,127,220,142,51,124,187,220,275,74,226,134,25,240,254,107,192,21,169,112,107,65,124,206,83,12,107,169,268,154,83,67,196,209,285,19,99,44,217,38,201,153,206,110,160,87,48,106,266,226,166,284,215,287,100,232,223,188,248,182,274,261,40,293,62,202,223,300,287,9,276,134,122,274,249,170,135,75,34,92,196,294,110,243,123,227,164,195,269,144,38,34,210,83,86,252,169,35,258,253,1,145,150,113,194,2,71,34,85,259,6,281,222,110,230,55,72,273,147,50,4,284,8,165,16,35,58,72,83,142,206,257,249,146,289,221,284,217,122,284,223,293,125,101,16,33,284,88,97,113,95,217,48,245,262,106,215,295,170,121,11,174,84,121,180,202,297,244,146,81,4,10,236,211,271,144,42,184,38,271,271,83,250,184,61,171,132,110,187,13,74,187,40,108,179,109,294,95,80,296,67,141,12,76,65,51,176,270,245,53,256,124,225,239,189,179,178,153,139,224,113,222,92,267,272,71,148,276,46,23,212,155,75,58,258,256,37,39,95,160,167,223,296,167,260,161,243,295,81,3,262,253,169,179,62,32,86,207,193,3,148,231,110,4,142,230,71,96,253,296,145,217,145,59,228,83,223,144,50,174,237,150,241,201,186,198,297,233,2,9,244,46,149,27,42,199,24,256,182,196,268,154,46,224,267,264,139,205,223,21,144,54,190,245,89,64,176,112,281,112,275,293,37,284,29,251,192,209,101,217,227,242,271,93,166,115,182,155,233,181,23,9,146,18,172,108,204,129,161,249,214,132,143,141,234,18,155,274,279,180,13,60,182,99,117,9,76,278,64,198,243,286,116,198,228,58,59,80,125,220,270,161,291,162,89,83,49,243,116,222,277,110,148,6,240,38,95,266,66,115,167,272,52,221,226,121,174,46,295,16,29,39,289,19,193,148,221,91,109,209,267,202,220,254,2,54,188,137,69,8,58,83,193,234,80,221,88,50,263,159,212,277,62,112,134,85,196,168,159,276,26,294,293,113,280,52,171,104,86,133,90,262,173,143,256,267,76,140,218,125,268,23,222,274,166,232,224,26,52,240,155,246,209,278,37,29,131,268,3,41,119,102,122,54,178,94,2,224,158,135,1,278,13,56,257,212,200,250,268,209,92,54,101,50,17,190,152,28,107,14,70,220,22,35,122,214,155,292,121,268,244,41,213,269,238,73,126,166,245,67,166,3,286,113,121,195,70,78,113,227,33,135,272,226,35,37,2,244,102,89,31,91,106,100,21,218,186,50,263,124,99,283,224,241,132,238,223,154,156,274,5,2,133,261,246,274,294,231,1,274,184,253,134,294,2,265,274,164,299,155,161,223,77,269,121,197,19,295,103,90,172,229,167,1,151,154,254,297,236,79,4,33,89,165,152,184,174,163,259,269,23,217,128,118,27,34,91,40,42,33,185,275,77,180,164,116,114,89,197,213,196,206,110,57,80,231,247,37,189,192,140,171,287,26,241,169,214,186,18,274,155,37,10,262,144,206,272,127,12,102,239,181,22,11,192,110,279,5,258,182,8,161,191,267,270,228,70,169,25,248,247,271,72,190,284,266,131,152,278,218,147,5,153,146,131,292,13,296,80,46,112,147,186,89,285,230,218,89,236,14,276,21,42,191,158,164,64,208,96,190,254,109,172,135,293,10,173,142,198,83,292,190,231,123,271,118,281,198,89,151,220,175,248,49,118,294,281,167,78,183,114,115,89,107,142,106,133,149,203,252,126,110,258,273,238,290,227,145,193,168,28,22,72,268,231,123,279,183,116,299,43,271,166,20
299,242,95,52,131,298,190,124,210,175,280,248,265,276,91,89,113,32,151,96,294,277,143,208,18,192,57,193,153,277,14,233,295,88,65,228,148,105,256,151,289,36,132,25,120,262,17,91,58,54,297,214,208,111,152,288,75,7,254,91,37,176,96,22,74,198,53,78,21,275,192,252,296,147,155,230,147,212,208,127,295,265,84,245,112,130,120,286,113,237,296,23,228,25,124,42,75,273,90,298,4,43,242,129,259,74,241,210,237,173,125,148,93,91,274,68,212,240,169,71,201,255,262,60,128,263,272,41,107,67,174,288,43,97,186,19,57,266,73,245,208,37,190,115,220,30,276,171,238,268,206,170,102,291,30,118,183,134,294,33,185,213,263,261,261,214,281,285,266,139,189,51,259,225,66,236,291,40,25,250,204,255,108,173,285,218,202,153,59,299,133,48,242,207,274,27,57,158,294,136,79,93,75,56,294,132,21,290,286,219,159,233,80,75,185,42,245,104,127,30,250,53,134,126,105,128,75,108,161,135,254,136,32,88,196,5,1,86,135,142,202,177,128,80,21,28,255,69,167,229,49,211,38,253,11,233,187,14,230,263,248,111,87,156,20,280,51,240,168,36,129,208,87,12,189,36,50,93,182,287,78,125,212,2,217,298,42,259,55,260,98,280,233,198,35,161,139,241,266,163,168,37,298,255,92,105,54,151,169,278,76,172,191,155,15,210,93,64,34,296,194,249,76,116,2,75,241,227,235,290,59,213,119,134,151,52,166,20,294,43,193,63,175,196,266,189,35,83,84,136,268,150,223,79,148,165,278,298,218,249,37,29,207,294,186,214,262,55,228,141,175,239,126,50,18,238,234,209,232,41,293,253,143,223,87,136,22,197,289,260,253,88,271,64,162,6,41,129,189,3,67,152,283,107,119,52,161,187,31,5,110,48,95,52,31,199,206,61,38,122,42,256,122,12,33,1,84,170,64,40,188,77,214,184,183,12,14,227,285,150,286,167,296,77,184,68,108,132,211,11,203,214,271,11,161,196,91,14,20,272,260,7,149,89,114,271,122,164,162,178,185,92,139,252,59,98,83,286,3,284,262,268,54,172,151,224,230,53,267,292,255,42,59,284,130,126,258,39,266,249,227,78,69,57,145,156,68,237,80,5,275,239,137,189,231,232,242,263,294,151,232,19,253,295,94,77,270,277,155,142,173,86,181,110,178,105,160,256,236,293,159,185,200,42,73,202,102,31,140,133,289,217,184,55,206,223,253,278,181,214,276,66,252,179,176,190,111,275,274,53,42,170,19,39,7,129,140,98,130,199,69,189,65,88,95,188,209,298,253,162,88,244,294,68,131,148,96,163,76,28,16,54,92,28,182,170,42,228,274,215,252,126,213,228,8,224,182,254,64,104,248,241,38,44,189,61,166,33,293,105,201,255,116,186,136,296,291,274,207,194,126,168,296,39,256,261,289,288,148,289,105,50,272,112,151,293,176,299,296,210,267,122,71,165,222,249,116,152,290,152,218,76,241,176,206,166,54,36,40,193,210,164,37,262,75,178,164,36,243,43,186,204,58,160,161,154,285,266,272,218,63,200,237,169,182,285,14,203,267,142,162,94,280,229,63,146,183,183,139,205,35,53,92,166,298,227,3,281,110,255,182,113,134,84,22,135,246,69,267,70,16,278,57,9,289,150,229,37,298,224,282,128,144,212,286,63,268,62,217,235,5,10,192,285,231,150,256,163,280,257,198,180,259,141,96,191,174,161,177,271,138,161,117,228,5,246,100,129,206,105,296,220,196,8,11,94,278,250,196,8,173,25,143,19,145,266,252,19,242,296,96,281,157,217,170,70,46,154,169,8,193,53,267,111,114,254,71,125,23,299,129,112,57,249,226,277,74,229,123,147,197,144,34,225,37,268,223,297,153,243,6,22,77,81,67,293,277,210,4,192,219,229,231,252,91,149,126,9,299,171,88,16,125,189,122,149,257,174,215,10,163,74,23,49,67,246,78,214,141,189,49,41,24,245,222,175,239,21,56,7,110,107,63,226,195,63,193,55,136,64,107,5,146,12,19,91,177,98,242,173,67,199,19,183,59,30,299,203,94,281,28,219,100,22,80,124,198,286,68,77,116,138,50,266,122,135,192,182,32,132,18,23,87,155,178,118,48,73,148,81,192,181,42,294,30,211,296,47,199,274,236,206,4,30,32,148,83,144,40,109,285,46,87,56,136,267,222,62,196,273,172,48,260,140,94,54,26,86,22,190
173,278,64,158,96,267,265,172,115,299,200,252,186,84,236,251,58,214,23,187,49,222,40,38,78,256,215,181,53,192,151,222,205,248,179,222,191,194,290,273,261,184,88,71,213,198,197,173,202,219,204,93,272,185,270,268,207,219,190,82,144,137,233,263,210,74,188,124,63,121,281,236,227,255,47,299,108,181,114,254,40,100,230,113,122,269,261,253,83,18,35,13,5,115,114,44,202,90,236,178,23,184,137,289,49,180,67,66,129,77,7,189,51,7,5,26,97,23,273,46,129,94,114,142,6,20,118,250,197,286,127,11,99,73,291,19,88,290,258,298,94,205,29,235,56,21,13,236,114,70,159,223,90,29,35,221,217,92,139,249,28,255,56,59,199,183,173,299,235,191,57,262,297,265,55,88,118,59,197,267,14,246,281,279,229,248,1,275,132,238,35,65,207,149,232,162,95,111,190,45,11,125,207,126,84,21,278,283,102,243,290,175,123,216,146,279,187,43,57,130,258,62,21,125,25,192,276,8,43,103,58,80,152,50,202,234,273,86,169,281,259,94,184,116,195,151,7,63,23,209,51,192,122,1,177,17,14,28,62,74,271,135,157,273,105,68,240,231,91,108,60,257,94,267,147,299,184,160,90,102,262,124,22,116,62,218,292,255,155,141,22,286,243,130,116,292,19,8,238,239,217,202,143,36,70,280,223,71,236,26,58,125,211,3,72,30,109,73,177,293,176,203,6,218,207,280,54,128,17,178,120,220,97,24,26,190,16,24,47,11,178,190,111,184,239,129,235,91,131,283,272,144,256,146,188,145,67,2,180,186,83,166,145,65,30,210,66,111,140,267,132,189,33,258,1,286,42,300,72,205,151,108,258,7,172,13,49,7,84,87,188,198,51,296,83,114,156,142,98,206,253,240,18,141,203,81,89,124,99,42,183,182,187,230,77,143,263,230,105,112,136,87,52,287,194,96,256,23,122,173,219,36,223,172,97,9,299,120,34,274,166,252,239,188,106,172,251,52,258,163,179,105,188,251,28,286,227,126,197,48,70,49,283,92,163,152,97,98,256,245,153,127,80,39,262,45,204,87,256,153,88,133,209,184,60,294,54,275,211,153,74,82,27,33,216,91,45,86,153,293,300,248,108,204,181,221,146,80,5,297,90,295,178,188,129,59,181,169,292,285,61,143,154,151,205,114,262,297,224,195,226,93,130,104,205,152,96,295,100,217,281,62,71,213,139,265,184,289,129,67,241,237,107,54,18,277,60,23,247,114,129,291,160,122,118,193,28,269,249,276,207,17,244,280,198,97,56,246,238,138,225,217,145,110,161,200,150,135,208,248,289,21,243,202,186,224,72,20,279,205,138,66,221,206,150,186,108,189,45,203,238,114,190,174,277,86,252,139,18,281,145,2,275,143,178,132,274,163,8,244,108,296,20,68,72,170,287,265,47,173,172,242,142,285,182,58,12,191,83,112,46,287,35,213,5,95,124,157,166,160,249,46,250,247,126,242,77,268,223,119,233,235,64,90,140,128,102,270,238,281,235,7,21,226,246,143,212,6,294,112,275,197,225,288,93,110,229,279,88,20,282,16,82,288,127,55,152,138,107,109,144,25,144,44,132,132,50,94,115,104,203,119,5,156,191,273,262,173,296,133,292,14,228,210,124,255,145,204,264,186,143,275,296,119,93,207,15,199,175,2,94,236,168,192,31,48,215,63,136,63,292,230,179,186,189,172,149,210,56,139,70,98,76,125,156,259,10,204,210,210,126,86,262,267,284,257,110,21,173,54,215,245,260,151,127,25,133,27,12,90,289,14,196,193,81,203,212,236,229,54,273,253,201,6,273,185,177,264,203,35,214,198,43,30,22,268,81,233,124,249,246,111,50,266,140,136,13,127,174,59,235,215,179,12,21,147,286,53,7,98,215,142,132,288,13,135,78,29,132,280,95,38,225,152,195,291,158,269,66,207,28,119,82,85,241,63,222,272,34,16,99,267,65,295,12,236,84,56,157,30,50,13,252,164,179,198,63,117,180,278,30,219,45,161,162,242,295,123,149,102,34,42,212,83,12,144,234,212,233,145,42,27,209,240,224,278,64,92,103,236,196,229,123,98,54,33,274,64,101,15,60,116,243,290,243,138,203,143,86,95,58,33,254,264,22,45,116,169,282,155,102,32,183,184,236,44,114,283,299,276,138,238,184,78,133,297,120,144,299,275,8,58,289,269,21,268,169,257,50,251,267,111,57,265,165,98,69,58,169,258
92,47,247,146,202,33,242,87,82,257,52,76,81,23,225,64,86,117,133,154,155,192,102,232,299,239,54,28,193,75,143,30,50,239,140,139,112,76,24,111,81,180,29,147,95,170,287,239,18,222,276,82,156,215,111,37,21,105,53,300,178,84,241,189,73,221,221,151,271,43,186,14,255,19,167,6,267,237,201,74,156,234,68,300,251,104,243,163,290,125,184,72,263,240,29,145,95,40,25,219,44,35,64,60,281,212,291,195,194,43,157,112,148,22,82,92,186,168,209,129,75,117,241,246,228,75,210,259,251,46,258,88,97,48,199,300,181,209,246,288,298,41,271,242,131,166,158,2,227,230,125,188,256,134,128,240,285,94,153,38,115,122,214,45,212,285,238,7,155,236,223,243,249,57,133,248,113,119,147,138,36,50,68,272,252,9,39,9,90,256,160,299,23,19,94,282,52,42,193,285,138,142,265,187,293,251,289,293,177,147,190,1,20,41,157,296,175,276,144,17,91,66,50,202,40,271,45,59,144,271,128,45,227,199,123,45,215,249,114,2,104,174,100,285,94,111,76,249,254,280,189,272,44,35,199,294,122,180,1,140,154,101,44,80,297,267,174,215,28,130,37,3,110,122,138,44,44,146,165,215,93,93,91,43,113,56,99,132,96,191,300,157,189,192,56,277,153,230,142,263,67,263,212,152,205,286,167,33,64,232,189,77,227,18,113,97,246,99,3,16,146,109,55,27,132,267,292,94,123,84,18,235,175,94,45,203,16,10,105,176,156,1,143,280,97,233,258,37,271,163,218,1,190,64,294,24,69,54,25,72,225,241,112,189,202,47,47,247,173,113,182,246,167,272,227,144,90,217,201,33,276,57,113,56,273,113,201,22,191,62,289,10,90,164,210,24,282,221,211,34,72,197,112,161,81,177,157,208,210,209,219,64,261,247,78,165,65,116,287,84,274,270,291,30,192,83,169,300,209,44,212,121,106,116,127,179,46,265,146,165,183,191,176,263,74,253,203,283,58,240,253,158,161,146,68,289,255,52,8,198,138,229,118,160,47,171,21,282,149,251,269,231,198,141,99,248,264,286,116,11,71,15,191,253,198,295,174,106,244,112,49,108,249,243,45,66,158,170,168,300,144,288,210,101,34,172,2,89,213,234,63,45,113,92,221,47,240,108,124,19,299,212,230,92,117,162,162,300,35,258,165,96,14,243,122,96,232,233,259,192,154,222,178,32,144,118,210,126,299,258,106,257,3,242,96,281,260,203,228,206,283,173,68,134,35,84,84,44,275,6,191,7,256,289,232,113,146,211,143,257,159,252,160,247,29,143,51,223,233,41,199,211,194,211,225,111,191,180,276,236,65,252,266,281,37,175,265,259,98,241,221,151,60,166,123,187,136,67,31,70,156,41,68,16,63,226,255,253,270,158,234,253,34,63,27,114,210,193,62,248,58,25,41,211,110,49,290,106,84,10,243,94,241,182,101,209,203,233,39,206,20,267,31,279,79,214,23,75,244,183,242,101,186,27,286,90,85,201,82,271,163,91,28,259,248,61,32,261,141,236,9,113,89,222,290,113,20,115,242,54,265,271,21,129,151,108,22,225,121,168,149,111,218,276,246,170,233,165,81,265,114,38,269,146,273,219,84,248,184,105,108,33,75,123,8,110,209,193,267,165,126,68,73,74,56,36,213,222,284,126,206,236,161,152,47,145,192,215,31,156,151,271,73,3,252,19,85,281,111,93,211,105,176,189,37,27,238,222,81,274,257,21,261,3,147,47,266,170,235,157,17,100,190,239,228,284,126,290,234,246,153,175,106,144,203,206,22,191,215,131,165,284,184,69,89,234,239,201,243,290,272,130,9,137,161,35,163,296,27,188,223,192,288,259,274,140,160,63,3,126,97,196,254,72,185,291,31,281,214,83,266,79,92,13,103,250,83,40,180,227,17,94,158,256,84,96,113,225,217,57,276,211,244,115,36,164,256,126,98,267,223,153,35,255,211,46,16,180,141,202,31,177,194,179,45,261,296,228,180,29,295,55,245,283,69,45,238,250,17,86,242,45,35,127,193,53,241,258,95,35,262,237,282,23,180,196,199,124,293,237,275,25,278,114,23,18,3,86,38,8,216,84,67,46,182,69,22,65,247,196,296,87,194,297,267,108,118,12,81,85,78,269,202,110,67,213,245,216,67,110,250,32,213,155,38,99,39,299,20,211,151,133,12,7,199,274,267,72,220,199,74,183,228,138,220,211,4,8,211,27
